Bounding box: [[55.0, 107.0], [92.0, 107.0], [92.0, 126.0], [55.0, 126.0]], Text: 110
Bounding box: [[0.0, 121.0], [22.0, 121.0], [22.0, 138.0], [0.0, 138.0]], Text: 06
Bounding box: [[77.0, 136.0], [111.0, 136.0], [111.0, 155.0], [77.0, 155.0]], Text: 138
Bounding box: [[95.0, 183.0], [129.0, 183.0], [129.0, 202.0], [95.0, 202.0]], Text: 130
Bounding box: [[160.0, 177.0], [193.0, 177.0], [193.0, 194.0], [160.0, 194.0]], Text: 142
Bounding box: [[156.0, 211.0], [189.0, 211.0], [189.0, 231.0], [156.0, 231.0]], Text: 112
Bounding box: [[181.0, 255.0], [219.0, 255.0], [219.0, 270.0], [181.0, 270.0]], Text: 110
Bounding box: [[232.0, 292.0], [265.0, 292.0], [265.0, 306.0], [232.0, 306.0]], Text: 120
Bounding box: [[261.0, 394.0], [291.0, 394.0], [291.0, 409.0], [261.0, 409.0]], Text: 103
Bounding box: [[0.0, 485.0], [17.0, 485.0], [17.0, 503.0], [0.0, 503.0]], Text: 21
Bounding box: [[47.0, 489.0], [83.0, 489.0], [83.0, 507.0], [47.0, 507.0]], Text: 125
