Bounding box: [[453.0, 145.0], [489.0, 145.0], [489.0, 163.0], [453.0, 163.0]], Text: 104
Bounding box: [[417.0, 186.0], [452.0, 186.0], [452.0, 205.0], [417.0, 205.0]], Text: 134
Bounding box: [[1.0, 282.0], [26.0, 282.0], [26.0, 298.0], [1.0, 298.0]], Text: 02
Bounding box: [[82.0, 284.0], [118.0, 284.0], [118.0, 303.0], [82.0, 303.0]], Text: 128
Bounding box: [[259.0, 288.0], [292.0, 288.0], [292.0, 305.0], [259.0, 305.0]], Text: 136
Bounding box: [[217.0, 330.0], [247.0, 330.0], [247.0, 346.0], [217.0, 346.0]], Text: 108
Bounding box: [[160.0, 358.0], [196.0, 358.0], [196.0, 378.0], [160.0, 378.0]], Text: 122
Bounding box: [[203.0, 382.0], [234.0, 377.0], [236.0, 393.0], [205.0, 398.0]], Text: 140
Bounding box: [[273.0, 424.0], [305.0, 424.0], [305.0, 439.0], [273.0, 439.0]], Text: 114
Bounding box: [[317.0, 450.0], [353.0, 450.0], [353.0, 468.0], [317.0, 468.0]], Text: 114
Bounding box: [[462.0, 466.0], [497.0, 466.0], [497.0, 481.0], [462.0, 481.0]], Text: 144
Bounding box: [[358.0, 478.0], [394.0, 478.0], [394.0, 496.0], [358.0, 496.0]], Text: 116
Bounding box: [[416.0, 487.0], [451.0, 489.0], [450.0, 508.0], [415.0, 506.0]], Text: 132
Bounding box: [[495.0, 485.0], [511.0, 485.0], [511.0, 504.0], [495.0, 504.0]], Text: 1
